,RAGAS_faithfulness,RAGAS_answer_relevancy,RAGAS_context_precision,RAGAS_context_recall,DeepEval_faithfulness,DeepEval_answer_relevancy,DeepEval_contextual_precision,DeepEval_contextual_recall,DeepEval_hallucination,G-Eval_coherence,G-Eval_consistency,G-Eval_fluency,G-Eval_relevance,RAGChecker_claim_recall,RAGChecker_context_utilization,RAGChecker_faithfulness,RAGChecker_noise_sensitivity,RAGChecker_hallucination,TRACe_utilization,TRACe_relevance,TRACe_adherence,TRACe_completeness,ARES_context_relevance,ARES_answer_faithfulness,ARES_answer_relevance,BERTScore_precision,BERTScore_recall,BERTScore_f1,UniEval_coherence,UniEval_consistency,UniEval_fluency,UniEval_relevance,UniEval_overall,QAFactEval_factual_consistency,FaithJudge_faithfulness,FaithJudge_hallucination_rate,FaithJudge_grounding_score,FaithJudge_subtle_error_detection,ReDeEP_external_context_score,ReDeEP_parametric_knowledge_score,ReDeEP_redeep_score,ReDeEP_copying_head_signal,LettuceDetect_token_hallucination,LettuceDetect_span_precision,LettuceDetect_example_f1,LettuceDetect_confidence,LRP4RAG_context_relevance,LRP4RAG_response_relevance,LRP4RAG_relevance_consistency,LRP4RAG_lrp_classifier_score,LUMINA_context_utilization,LUMINA_knowledge_utilization,LUMINA_lumina_score,LUMINA_signal_confidence,HALT-RAG_nli_ensemble_score,HALT-RAG_lexical_overlap,HALT-RAG_calibrated_confidence,HALT-RAG_abstention_score,MetaRAG_factoid_consistency,MetaRAG_synonym_stability,MetaRAG_antonym_detection,MetaRAG_metarag_score,KG-RAG_kg_faithfulness,KG-RAG_kg_relevancy,KG-RAG_community_overlap,KG-RAG_multi_hop_score,GaRAGe_relevance_aware_factuality,GaRAGe_grounding_precision,GaRAGe_deflection_score,GaRAGe_over_summarization,HSAD_spectral_consistency,HSAD_temporal_stability,HSAD_confidence_score,HSAD_hallucination_probability,SIRG_semantic_grounding,SIRG_linking_ratio,SIRG_attribution_consistency,SIRG_sirg_score
RAGAS_faithfulness,1.0,0.06002448399952626,0.2534460096976217,0.4420293644853357,0.5605040509052869,0.061980619145582214,0.3145819126831746,0.4756426635006886,-0.4431948775089945,0.014091683975613258,0.5586796416022133,0.03722985553747765,0.06619451155548231,0.03031547869740823,0.023497050946108745,-0.041730808496897955,-0.02223037780101659,0.038176558072045244,0.3330790109688614,-0.02827378064221106,0.3521544729697431,-0.006603422085491402,-0.003342709967588185,0.31883818187595847,-0.09541804689888976,0.05411948273381132,0.050944638491691126,0.03724832404158652,0.0337192515147118,0.3187996961452972,0.11232949332983799,-0.13599094359803796,0.1348760827968507,-0.03956506645487557,0.6874701577242615,-0.6669377395977135,0.678690278884894,-0.19128873115876222,0.1772546635048464,-0.23519876802134684,0.26415434180670805,0.39786631549523643,-0.25428902261827735,0.1984098948465286,0.2986277637938966,0.3831689133924127,0.12032356177619191,0.09743975918386992,0.32629324349359046,0.11461752440254612,0.36136979500730804,-0.1991603901751513,0.28946202509314084,0.08311195402628607,-0.048270627879523416,0.33060200425189795,0.10947614372526411,-0.2180866383058333,0.2363617038355498,0.002735257198459494,-0.06305818201741328,0.1385792339273761,0.3459133790396604,0.016131071820914424,0.35739930771352585,0.048333818305292826,0.2236984564850857,0.18624691409664942,0.24257943893722436,-0.15439899094272172,0.3847887794203166,-0.011001265657999505,0.18350708028068777,-0.24927930169821316,0.3023912717311317,0.021174800499852924,0.32386176265050576,0.3098125678502728
RAGAS_answer_relevancy,0.06002448399952626,1.0,0.2528268933188006,0.303318231518614,0.0494784018358017,0.8578555601754654,0.23296776494464255,0.4659672376013084,-0.19578663563271373,0.11858153377955716,0.12019059599922423,0.14271472801357488,0.8299154792607131,0.04246004593333508,0.06892643796970183,0.025441606182951146,0.07654918224609927,0.12029142227677761,-0.016067571504182983,-0.09921597700342316,-0.033877992902411676,0.14050751426089408,0.08448031499731369,0.0007846955127529627,0.07738046250886925,-0.03536498860263864,-0.0441605652191736,-0.07256306882319717,-0.09732686906548511,-0.0038657623404909883,-0.01499306449841992,0.16871641076825727,-0.029395004597298168,-0.15257898467846032,0.12749194702350403,-0.13072211822699975,0.1352244262032369,-0.006685345095547811,-0.03076794224026451,-0.007915733397363425,0.05595727279409256,-0.06552813085661072,-0.10067453783849399,0.014593608822777411,0.012841027314273851,-0.020375137784778362,0.0669458156567149,-0.07181581892130824,0.02778049611149298,0.0669805400945461,0.04500020400671419,-0.12983856454019188,0.09461535171519568,-0.06504618914396149,-0.06262535941864368,-0.008430788173555977,-0.04721879736659119,-0.007410632904474553,-0.002429677062708488,-0.03340439452770427,0.05756092556634961,0.06640678501045662,0.0565804379637435,0.06932767436935128,0.042143794973304,0.04713111323032761,0.18579152497849982,0.04097330245016986,0.08960173106339697,0.0076586300344774205,-0.05202643599472601,0.14852857733975527,-0.005679563624430282,-0.04819066557022463,0.12411211210393802,0.08808913155159277,-0.09969027020013299,0.09088432053208248
RAGAS_context_precision,0.2534460096976217,0.2528268933188006,1.0,0.3920364097318682,0.16379229918367577,0.2921863833050821,0.8299666744756734,0.49770720081858444,-0.16569965408452159,-0.040204725365092134,0.10664773261487535,0.02920655434868045,0.20445965940756794,0.055193080246976015,-0.0044177652297577065,-0.02384601924018579,0.015664175197814403,-0.0020242022736744495,0.16532516625209104,-0.06572683497839343,0.16222148708371958,0.1785718643688791,-0.058368722734397124,0.22629884751302018,-0.16793857519764938,0.1672205946008112,0.2041709650163935,0.14789331871307979,-0.05839608948485812,0.20847570149936887,-0.0023455535977728002,-0.08006142631421037,0.055551088199606205,-0.049769350757312196,0.1885599851980377,-0.17331364465102092,0.18014421138299638,-0.024811581539277525,0.10662230412612227,-0.16740328879694652,0.2527475952104355,0.13982562914685023,-0.20530754093306666,-0.0681646182320688,0.16298270995109462,0.13108120228294648,0.24375527599870592,-0.04422087426939204,0.15025554193170748,0.17795626726816746,0.16638255304998248,-0.22208995202411164,0.20737299529142858,-0.0983250554101298,-0.02415903939480293,0.24068364430264505,0.04465179117451489,-0.12947534249889514,0.1113699671403569,-0.0042304278491958,-0.054937679428914615,-0.04237632914976689,0.18875677851770392,0.042846946077778864,0.18002122108370977,0.2135444921616674,0.2540931969241308,0.10315960291666526,0.2118650002794036,-0.12419324849759754,0.19647107967553262,0.1805807441152273,-0.011694409655838553,-0.23458634702081935,0.23500577675275935,0.08580426662213259,0.05747925752453875,0.20904237132260883
RAGAS_context_recall,0.4420293644853357,0.303318231518614,0.3920364097318682,1.0,0.32448714256124533,0.36125661196282455,0.4419074756333768,0.624924095510659,-0.30148668614221147,0.03102156714702039,0.2967354390795199,-0.004291022346527357,0.3104932214376411,0.07594138359011843,0.07849607256132028,0.002638919084340123,0.10401017017406369,0.06540474282194657,0.3071006694341519,0.008452220882383905,0.2932950502972217,-0.019838472681192515,0.014179999268079056,0.2995323192468713,0.01982305800888202,-0.04357428305960096,-0.00736024170636723,-0.06030933543849245,-0.05111256996655166,0.24608583158757327,0.09758803940843416,0.020389648704369736,0.12000367268397127,-0.15948376979464546,0.301665533532056,-0.2965341859011461,0.29389179685869365,-0.029216765710896313,0.20104173266579456,-0.3229047706396224,0.3279550356433281,0.2773077172135282,-0.25640766115161095,0.0979845151423124,0.2559745155293303,0.2778043410824044,0.04940774746158852,0.03566902776643701,0.3040886752395191,0.0011040062487807617,0.3698372071716657,-0.3424010367586237,0.3928656862778548,0.05039922604118247,0.03290217111006301,0.2982278462819194,0.09859496927573916,-0.2089413326333511,0.3007051592103101,0.005727795666209696,0.02271937964110355,0.17438971562955904,0.3616284660545055,0.04623944952277876,0.37469871349420364,-0.0007537248423300567,0.2674924692842995,0.12822661172703562,0.29527084713071017,-0.1528814120672717,0.3270665457180301,-0.014073053447003454,0.2812351517203924,-0.28828698390054064,0.36872643945265915,0.09678900908449652,0.2218830251409567,0.3448262402498401
DeepEval_faithfulness,0.5605040509052869,0.0494784018358017,0.16379229918367577,0.32448714256124533,1.0,0.026104172306031185,0.18863330714562573,0.3271035558555184,-0.3156996895442654,-0.12207014900379137,0.3785227873089047,0.0018890841250878883,-0.0024498818582143612,-0.02846953581613523,0.042584586441921195,-0.007351200093621214,0.007907570661574093,-0.019854681869082506,0.5116729431374692,0.06649956730939735,0.47708648989736335,-0.11230109144102957,-0.06038360742733844,0.5348237328297463,-0.19384850173016993,0.12497421028872616,0.1368550059997396,0.1400107888372613,-0.009692203511400321,0.5194029293076765,0.1423183505217103,-0.20022303189604476,0.11115830197468486,-0.032826757895398996,0.49691111367423846,-0.47732995399233963,0.49396485369294224,-0.2331170943781298,0.2998083315669263,-0.4240076166692165,0.3912961180180136,0.4157551563553798,-0.39223408588539044,0.21215877911162528,0.39865337104345216,0.44730413230560173,0.17191772646630388,0.0596729574992366,0.43087771756500587,0.11369655695292234,0.4888377822875157,-0.35604936987133023,0.43218131500500895,0.16920947313380807,0.02244628488144952,0.4337332137951148,0.0921953456594909,-0.2370252193506239,0.283292838420695,-0.05205430860205183,-0.08645842726242955,0.13374870314290277,0.4492468567858097,-0.1181530031540699,0.4843311744096891,0.1419132114618362,0.33729025557360265,0.13388978025730117,0.26135051457324976,-0.23123426485326967,0.513765400548845,-0.08780080376681244,0.29744929552357013,-0.34093556706852945,0.40872102366583923,-0.04563437951688551,0.46273313723932663,0.44322942096497453
DeepEval_answer_relevancy,0.061980619145582214,0.8578555601754654,0.2921863833050821,0.36125661196282455,0.026104172306031185,1.0,0.2879020746273471,0.44966375709524675,-0.20204611626229854,0.12960679207539164,0.13583817021852382,0.13910669557832822,0.7535746094919379,0.0035607510312754363,-0.02607113998810161,0.08067363256460053,0.03492345685191035,0.040553396953171214,-0.015710973590916787,-0.1639560588626442,-0.04346616512272842,0.09751404129790339,0.13759233753328806,-0.02677430484062993,0.12690916213361744,-0.15496051651011938,-0.1500158687479457,-0.198878276188615,-0.07184191226785469,-0.013605642595019446,-0.01725426198987495,0.1311153967618777,-0.05116379349724489,-0.17584043520330567,0.13861317686845312,-0.1411260570159928,0.13963976148558538,0.014560637868851836,0.03871894138740818,-0.006850204002802774,0.10112058464482729,-0.046363778183855286,-0.11854747158293143,0.01327458656353045,0.03449844355744968,0.01943028370649766,-0.009721592181978421,-0.05383262036706718,0.06566175555502295,0.015068115751803434,0.06458685634290566,-0.137767945858819,0.10423287809303496,-0.046762090140153575,-0.1142654300462415,0.008938193697487657,-0.01132263993549682,-0.026342044312082855,0.07685242095315611,-0.10157508063730841,0.04924377056132086,0.13760979873128953,0.07638715804599219,0.11891563807252911,0.05975913641928592,-0.058812738765315474,0.11140593662824175,0.029218791234788523,0.06879322550907871,-0.010584216577537714,-0.04039621252390405,0.10228908860917406,-0.009585643675629356,-0.045242558093204724,0.17397863403452643,0.12070102869881094,-0.08617504249033003,0.12358946987704283
DeepEval_contextual_precision,0.3145819126831746,0.23296776494464255,0.8299666744756734,0.4419074756333768,0.18863330714562573,0.2879020746273471,1.0,0.5394706797187392,-0.16406987061011702,-0.05167009170613402,0.1707030146611981,0.010330329049859853,0.2124103277910047,0.04808915556033878,0.04661770458960716,-0.04323361502145421,0.007334313294879082,0.05831032658175599,0.22871525971437534,-0.05501325802690077,0.24859690982310745,0.1576085111093518,-0.11810249437255456,0.26948161031626466,-0.15260702993666375,0.2508611277626417,0.2768510329096452,0.21050259795625692,-0.0381171095261801,0.28321542716788,0.05614150659516011,-0.06608505128658207,0.09826081567343294,0.030531233398883837,0.20358961869739892,-0.18964366089574441,0.19269454148870113,-0.051452731781668794,0.12079348370523119,-0.19798349161149836,0.23838295357760117,0.17253772830977365,-0.24649067708795339,-0.05396324734679064,0.14500400154212154,0.12710355224209557,0.3061208761768274,-0.021794800424232832,0.1954246738991337,0.21971154060359752,0.22890960759464074,-0.21916589319229438,0.24178421907296074,-0.15349325495578076,-0.050423550621613,0.32083204191338505,0.09560200950948307,-0.19812579033573335,0.09802108136627595,-0.002320985906132328,-0.02458307313706496,-0.04554111798009081,0.23903923373847732,-0.029494525347048238,0.2239804966472027,0.2931555574373457,0.26342986741127317,0.13313232816533455,0.2750910241682722,-0.10807041060795822,0.27337198534705914,0.17299146693758272,0.07082793614546595,-0.27233422621332437,0.2502745147086974,-0.004584227818217236,0.08408760450428569,0.2265631834496823
DeepEval_contextual_recall,0.4756426635006886,0.4659672376013084,0.49770720081858444,0.624924095510659,0.3271035558555184,0.44966375709524675,0.5394706797187392,1.0,-0.3040051951684324,0.0029761694518134875,0.3352132205700603,0.02253392826920688,0.38674550876839037,0.048580772027601325,0.041492119732374946,0.022055902305678964,0.05964294241633757,0.07376423161781824,0.3233049551404303,-0.02534102945227081,0.3360071886683919,0.10188970711044629,-0.015467283149084804,0.3632315645085387,-0.0030479273819249307,0.054562360314055,0.10524461015253128,0.044436780059418604,-0.09929122256864828,0.365725209016883,0.11707806104287484,0.010557172208260348,0.09205440296206298,-0.11102617412783237,0.34413480761336424,-0.3372328592036072,0.34049632505135874,-0.053769251134195055,0.18221743814884636,-0.3148483096719768,0.34171038896550565,0.2796463887853198,-0.31155635813317745,0.11361984536952562,0.26751645199003565,0.2746603939264899,0.14780887199565615,-0.024242362058114992,0.32721907377080206,0.15341518876504098,0.36959553941911977,-0.3171909972252624,0.37608476026314647,-0.02834034788922964,-0.09855031624782697,0.365432545414508,0.032058709463051414,-0.2572415080978121,0.23377975317889663,0.04081991988817325,0.032641109802559756,0.12669626588266072,0.41100143736252526,-0.02412667418429667,0.388771359608915,0.10468711276531487,0.3179285947123691,0.14837711940176415,0.27423124639604685,-0.13751293698060377,0.35755468047492833,0.09937076412171146,0.22148641271638123,-0.31067877959458484,0.40193335996699237,0.0953215821828384,0.23819287988878057,0.3869689179776441
DeepEval_hallucination,-0.4431948775089945,-0.19578663563271373,-0.16569965408452159,-0.30148668614221147,-0.3156996895442654,-0.20204611626229854,-0.16406987061011702,-0.3040051951684324,1.0,-0.20892480731060614,-0.5693480869841947,-0.11195007589935929,-0.17375067634274402,-0.00931949514654029,-0.015281175164142964,0.028336717338963473,-0.027308589556751906,-0.05808156112621532,-0.07029869239411923,0.0067802042177459694,-0.023057586679523814,-0.013391265076057956,-0.08385439272430652,-0.0568273339503301,0.04986958666550442,0.12249484120124707,0.12251751200104188,0.09883174890276762,-0.006853881591809747,-0.04942152023782453,0.0907612375756091,0.02971959043654326,-0.03932085786959574,0.03764558356229423,-0.5154407842211403,0.5024591139784321,-0.5123900444587334,0.2921803763459803,0.005900145978383934,0.08690786318675998,-0.07457996631175,-0.15468938420095724,0.041171609413006814,-0.16749520673929086,-0.08529678020291863,-0.0820136408911834,-0.00906516816410004,0.08967447428720624,-0.016174622090708676,-0.06304582410278464,-0.07618779040581793,0.08225452121837394,-0.08034164297476822,-0.16272389077075025,0.051732134996867594,-0.0027443563628501582,-0.029745173703733554,0.045496036130150665,-0.14556416792659427,0.006360889488383518,0.004707867074253426,-0.09787155907794691,-0.12108802217185397,-0.100297317126429,-0.13837277114935986,0.05718830588608178,-0.15526806167700477,-0.08544331355766363,-0.1863226844072007,0.02212951910783657,-0.10226267543219934,-0.030256166090867297,0.009737362229420949,0.06817461473742166,-0.05913105182877137,-0.036372529410717044,-0.07174841917373237,-0.06079027431504774
G-Eval_coherence,0.014091683975613258,0.11858153377955716,-0.040204725365092134,0.03102156714702039,-0.12207014900379137,0.12960679207539164,-0.05167009170613402,0.0029761694518134875,-0.20892480731060614,1.0,0.09318487645389652,0.4966009207459914,0.0734674033967747,0.14398591968430796,0.15539918521328447,-0.16774341190791137,0.18503851857556403,0.22211268782615587,-0.2535097573647939,-0.01108158882637057,-0.2242372392514808,0.17681186215356742,-0.07986960437662005,-0.22043528138779314,0.1786788178891738,0.03983713555689428,-0.01115133750458698,0.031207601524906554,-0.15079165457755775,-0.17677789466218918,0.12130888726792584,0.23198969537924813,-0.02234222245033558,-0.09765774894375391,0.08086896474661652,-0.10277442036804235,0.09181593655047376,0.03739506473310875,-0.255567690140714,0.1751814456982384,-0.24206823665262978,-0.12089285730007901,0.16702484397910547,-0.18037928062433736,-0.06717715490872786,-0.1919108725658752,0.15465239642790649,0.04085425448956508,-0.20466970060028095,0.1920261998946921,-0.19242562279054506,0.1415150212427127,-0.17937586698596417,-0.12544821147436247,-0.035285230006168906,-0.21381539796722315,0.011676180977303122,0.029930796948884366,-0.16533826835097618,0.20921779060773418,-0.041561654815593305,-0.15724301420485237,-0.21603150228994955,-0.010047278539698378,-0.20595392565415319,0.16844749448080604,-0.028738331321770005,-0.030488152101929338,-0.1011973727602126,0.1554134612154839,-0.19427110318020657,0.16874738509219775,-0.1532856117183501,0.03391441646749271,-0.16246365431148763,-0.14240154651650627,-0.1939909558729471,-0.17518008895287113
G-Eval_consistency,0.5586796416022133,0.12019059599922423,0.10664773261487535,0.2967354390795199,0.3785227873089047,0.13583817021852382,0.1707030146611981,0.3352132205700603,-0.5693480869841947,0.09318487645389652,1.0,0.052839372437007134,0.16951792536687918,-0.011633435484869012,-0.09530077820003205,0.033753023870820686,0.09680847643295433,0.036167882415596146,0.018266332861286105,-0.09990511118635957,0.005457708307084808,0.08097720232130748,-0.0029810251739285226,-0.014567688189353422,-0.002640057646583356,-0.05705984248907705,-0.0557400967127772,-0.029063056595415793,-0.04975092750986435,0.019905441321462474,0.006062853158162182,-0.1441212114889003,-0.09099139985229442,-0.003030458576624344,0.6240470017553126,-0.6295008435114133,0.6256025077769515,-0.21252951990007787,-0.01687319904456012,0.025894892837667206,0.06205501995342942,0.09417217298182956,-0.006943246453553375,0.2068262462551465,0.11134235216359856,0.09991074641758488,0.05847600751072112,-0.004077405200338273,0.05522193281442176,0.0858211378771997,0.08381766402924838,-0.012740844189714972,0.01792182595268112,0.03358589334054751,-0.033743879486642696,0.05684789434416975,0.09765209313226408,-0.0882348132526252,0.0990879240108901,-0.029528674503883127,-0.0404697521648056,-0.04060509086392219,0.11352800957772673,0.04482431634793058,0.12203051702029262,-0.0644423807977558,0.08393641939309669,0.09996291577525569,0.1543501102747379,0.015513909829634688,0.067908776053226,0.07373719612957393,-0.05824838031241391,-0.03428989625454296,0.04172999144220892,0.016368296687967934,0.09232665247239803,0.05075684248637614
G-Eval_fluency,0.03722985553747765,0.14271472801357488,0.02920655434868045,-0.004291022346527357,0.0018890841250878883,0.13910669557832822,0.010330329049859853,0.02253392826920688,-0.11195007589935929,0.4966009207459914,0.052839372437007134,1.0,0.03156759254411323,0.3664457270080881,0.07650995965729056,-0.32218542238257675,0.25837111677883107,0.3733951996871378,-0.17834808414985423,-0.11741843943589672,-0.15727258107311862,0.10540289103094731,-0.0818353366195014,-0.12685210447444412,0.17468772979958067,0.0942551626432797,0.06560593398820183,0.09139879868584701,-0.06019465167564537,-0.17126213085507247,0.2376897451133331,0.26257740478484587,0.09212938661181057,-0.1925249626422869,0.02922093590513385,-0.03983856631672455,0.04210649942265994,-0.03757380076761767,-0.2152993256724153,0.09403347248618986,-0.1884181438185819,-0.18965733283355105,0.12826460441719933,-0.14934514241743185,-0.1716705030283389,-0.15559293913023547,0.14660647711750763,0.01773807768604935,-0.16375301418848665,0.1282724935492278,-0.1125746699157221,0.06702874050831449,-0.10296314518323216,-0.04326331186236063,-0.0224687578948462,-0.1646564662738234,0.054281143569089016,-0.010673803953218658,-0.10729117182677356,0.3560972163485305,-0.10118430115368474,-0.14620734817503603,-0.14190256761506617,-0.002031398462243704,-0.12672577128490084,0.07974645415468988,0.010774314718447354,0.08149903739662623,-0.08693783068905549,0.2958052959877761,-0.14478406580519665,0.08989392181041284,-0.0900516645273982,0.04805459728625001,-0.13265964013641438,-0.11672192215719747,-0.043616445493320666,-0.1426859757227089
G-Eval_relevance,0.06619451155548231,0.8299154792607131,0.20445965940756794,0.3104932214376411,-0.0024498818582143612,0.7535746094919379,0.2124103277910047,0.38674550876839037,-0.17375067634274402,0.0734674033967747,0.16951792536687918,0.03156759254411323,1.0,0.013642959625561326,0.008705560081134822,0.026344103084964723,0.06021651837662592,0.07270048800823566,-0.08916938272847054,-0.12351658590454538,-0.11159634142525565,0.1181611314824457,0.05461980450832425,-0.07814141829492828,0.01936953845678439,-0.07807426782591877,-0.08215421155164065,-0.12182441797097084,-0.0961687348500462,-0.09309600057854184,-0.027917222041750643,0.10709272275052552,-0.09976360480150855,-0.0719404700581016,0.1290308933177367,-0.14955494574690473,0.13822754218566144,0.08379893017691632,-0.06436376438458598,0.09021894570870352,-0.02208025968348776,-0.08959984873070265,-0.0012665258637440603,-0.0092680395556269,-0.05942406617305615,-0.07178040789034366,0.02088067073550441,-0.13442410716351247,-0.06654227434629434,0.021427515148875406,-0.02314070835306025,-0.03656826684912982,0.00966389436925299,0.007850826895488622,-0.15098730664225954,-0.10258384045696357,-0.07386516713880864,0.029715491550929552,-0.05023641118062379,-0.07092688289721008,0.042264567600544006,0.014411045558061733,-0.020496737232691024,0.03720436400142242,-0.043790489241405266,0.009231218676356642,0.13401956950454935,0.035057154652349404,0.06403471017954526,0.054582453441266714,-0.10262630541424284,0.14657238666318262,-0.07879580909833545,0.017629544063827187,-0.005807419073313946,0.09726822609839192,-0.12263082520281318,-0.017651051482258203
RAGChecker_claim_recall,0.03031547869740823,0.04246004593333508,0.055193080246976015,0.07594138359011843,-0.02846953581613523,0.0035607510312754363,0.04808915556033878,0.048580772027601325,-0.00931949514654029,0.14398591968430796,-0.011633435484869012,0.3664457270080881,0.013642959625561326,1.0,-0.00027367039082798516,-0.30977370537783766,0.3110690338734759,0.4761342742806457,-0.0498243521175648,0.011156814656160563,-0.039175857394755535,-0.010248689874714594,-0.03569449186092434,-0.08937983063177914,0.12535228463683906,0.009841754723240434,-0.038934199949423716,-0.03799299056910356,-0.010955772298889782,-0.1098031719386132,0.21393102992508914,0.23660973775181593,0.1186403700233812,-0.18549610546413756,0.02317966002640944,-0.039834071725923875,0.037025505480748976,-0.054780927443073925,-0.21273936169318838,-0.02126068885489222,-0.14734263838206946,-0.005378639358636585,0.024381083692625444,-0.13128014428747328,-0.060443736880007384,-0.016278126136201602,0.11873903385282572,0.07526148394664416,-0.0015403866336234364,0.01418392312777491,-0.013948857835338495,-0.03529213278585685,-0.008253452677429314,-0.0020620387173596274,-0.01680029301366799,-0.057064405452543016,-0.062385812392462256,0.009452836538617662,-0.04454316634391856,0.47497392695003327,-0.143609761056316,-0.0780133554263348,-0.03680590062144038,0.05174171811232939,-0.03749206448145543,0.023836040982702155,-0.09032070424994192,-0.01603278710390739,-0.08583923486951225,0.09594407264954413,-0.0002252941113667815,0.016166930955248696,0.06856165697011551,-0.02869189615143966,-0.02631944042065232,-0.212780505051406,0.1260027192306116,-0.014990300943661458
RAGChecker_context_utilization,0.023497050946108745,0.06892643796970183,-0.0044177652297577065,0.07849607256132028,0.042584586441921195,-0.02607113998810161,0.04661770458960716,0.041492119732374946,-0.015281175164142964,0.15539918521328447,-0.09530077820003205,0.07650995965729056,0.008705560081134822,-0.00027367039082798516,1.0,-0.09754544582876541,0.07109995363639654,0.1078372983955365,0.19322980701334525,0.30839231798235106,0.16170465649800891,-0.03605199333372395,0.14121819232030286,0.22162772485324686,0.049965140552550705,0.013174128103400653,0.017360682464671758,0.06616887608394656,0.06879158150826084,0.14192849133071256,0.1507892100295302,0.3897798607201877,0.31668160721381244,-0.015758204081776556,-0.0024060688138033423,0.0010474487471989933,0.0006718696780523303,-0.019562272449398038,0.09705404635871533,-0.1826666130364593,0.14045436810011866,0.06922718901019367,-0.20249291548047055,0.07078795948531105,0.10881850174906496,0.10792285813495725,0.054841556962375825,0.05220455551478265,0.15786397257198181,0.011483314585075611,0.1394217101361304,-0.20693523734112673,0.22229685585772851,0.020679571785767667,0.04810223261788508,0.13912989977559714,0.09060707023495783,-0.12954723461691176,0.09698186311969004,0.05192572562084781,0.03416241958376115,0.0767062990117011,0.1796037743167559,0.1146925471947478,0.19571660924893503,0.1879300782740943,0.3203042688284427,0.09214240982772984,0.13332778383612323,-0.06248753919191449,0.15073606878581522,-0.018772850432980343,0.2946477809492183,-0.1861840243080294,0.18194761330922862,-0.05852152983893504,0.04428070708678253,0.1571627480297188
RAGChecker_faithfulness,-0.041730808496897955,0.025441606182951146,-0.02384601924018579,0.002638919084340123,-0.007351200093621214,0.08067363256460053,-0.04323361502145421,0.022055902305678964,0.028336717338963473,-0.16774341190791137,0.033753023870820686,-0.32218542238257675,0.026344103084964723,-0.30977370537783766,-0.09754544582876541,1.0,-0.3302691673029396,-0.48468473863749956,0.03783355104671159,-0.07370460528589168,-0.036687512791502,-0.06953497278856084,-0.05415970235942355,-0.021843695964002353,-0.13704548488778256,-0.0964080682632155,-0.06355773223510443,-0.09427191584709384,0.007224616640670639,-0.001371468945865476,-0.14537108747835636,-0.13644856940786856,-0.06718869257581807,0.18642386109131368,-0.03431953596963687,0.021321683491841627,-0.03658742535572562,0.025624237331956963,0.22297496783547305,0.041612938075650634,0.18067210004961687,-0.05541970742553526,0.04506466216790217,0.04471494832985463,0.022215889307876036,0.007288900797506538,-0.18103475852370426,-0.01277529092687579,0.04926398207817004,-0.16172013813186922,0.053862473415630045,0.014006465849843512,0.046207195103370215,-0.026599602436132543,-0.07613641824128584,0.047306803261331076,0.01484194848440827,0.047408587304363654,0.04881625711327515,-0.6301545950128836,0.022148135375921925,0.036058788856939535,0.035019899081384885,-0.1441534657872095,0.054179324077900784,-0.2115646136906806,-0.10217626382420668,-0.07026659226812582,-0.1001027671316116,-0.20452965789781113,-0.05074595983698863,-0.10476871337604066,-0.05501325139226451,0.14114685576304825,0.03480611390831677,0.21572775132045288,-0.12731359713419063,-0.014990971781772966
RAGChecker_noise_sensitivity,-0.02223037780101659,0.07654918224609927,0.015664175197814403,0.10401017017406369,0.007907570661574093,0.03492345685191035,0.007334313294879082,0.05964294241633757,-0.027308589556751906,0.18503851857556403,0.09680847643295433,0.25837111677883107,0.06021651837662592,0.3110690338734759,0.07109995363639654,-0.3302691673029396,1.0,0.5073397566396466,-0.06454481238103617,0.014433178993563776,-0.031598645746822765,0.0096646433005499,-0.002903411234606211,-0.027804165209139583,0.2496569122774227,-0.004820009349857652,-0.030081816466742736,-0.0034545822964430306,-0.09009942055824809,-0.07902791385037156,0.12997819142901404,0.22135185479449906,-0.056462168998342624,-0.21528691906997247,0.03460532940729073,-0.050605208189180816,0.03920068960476607,0.053833916037776264,-0.2777437969974386,-0.022786807878946585,-0.17792187474768462,0.011111954893670456,-0.010607333517261869,-0.0007606626865880764,0.04395002416107135,0.02959373879232772,0.07736445446353009,0.13385382644937682,0.04961137890194768,0.035857373547596,-0.04256154126570384,-0.09129220771971265,-0.00611922198813118,0.07530725634542051,0.03890504994105188,0.004034709821681123,-0.07094861016418487,-0.05157173572431262,-0.06760769246997947,0.4957754576693255,-0.05092124327294352,-0.07456523529952613,-0.053616657451174166,0.0702466677538493,-0.05893447753564086,0.05220877754698655,0.12451337367903224,0.08496405484906287,0.004808612444620607,0.1915916629907867,-0.004519621435297722,0.028677150327152262,0.03757135712457577,-0.06029244529307827,0.022481171980312502,-0.11122439860036273,0.1341892708379453,0.04866622260665189
RAGChecker_hallucination,0.038176558072045244,0.12029142227677761,-0.0020242022736744495,0.06540474282194657,-0.019854681869082506,0.040553396953171214,0.05831032658175599,0.07376423161781824,-0.05808156112621532,0.22211268782615587,0.036167882415596146,0.3733951996871378,0.07270048800823566,0.4761342742806457,0.1078372983955365,-0.48468473863749956,0.5073397566396466,1.0,-0.09244272886576978,0.029021279228433828,-0.05838370998839452,0.03983337321822728,-0.04158427207890481,-0.06373367241495077,0.1594216157579063,0.07192756520120022,0.0553823092386164,0.0876716404831414,-0.053384376803486296,-0.10155356470883382,0.10851659031236949,0.12529669696789678,0.009048116242581058,-0.21806600370515045,0.011723108387360178,-0.01980226168892064,0.019168515207708934,0.016448753298648224,-0.28154905080455894,0.03107786971892444,-0.23419289066692991,-0.004016398469606469,0.07610308151750012,-0.10711986572408179,-0.07596719562570169,-0.08138340746560552,0.17391344948864892,0.053413950806406256,-0.06823696453332384,0.1622938622023765,-0.06313012036740986,-0.06183572446092485,-0.03535478452041876,0.035558435033427885,-0.0030131683158309943,-0.07315210057812702,-0.0566014607249766,-0.03571696156897663,-0.08151499159994163,0.6602851958903146,-0.006119511527912619,-0.034222765379141734,-0.08176239145685724,0.016350270291025842,-0.09615432917485188,0.15346754134764243,-0.007258668987702112,-0.04320751159517502,-0.036435780020597705,0.11899007445602883,-0.001945412574443312,0.07390065198761286,-0.026992439632235115,-0.006094748550896091,-0.05449850342778071,-0.18379596509801502,0.09305423030650822,-0.044691063222295886
TRACe_utilization,0.3330790109688614,-0.016067571504182983,0.16532516625209104,0.3071006694341519,0.5116729431374692,-0.015710973590916787,0.22871525971437534,0.3233049551404303,-0.07029869239411923,-0.2535097573647939,0.018266332861286105,-0.17834808414985423,-0.08916938272847054,-0.0498243521175648,0.19322980701334525,0.03783355104671159,-0.06454481238103617,-0.09244272886576978,1.0,0.06164544748966875,0.9292362743262177,-0.3646669683754413,0.021833460086112436,0.9017413747982869,0.035928736432672664,-0.05293967999836584,-0.032333327599392975,-0.05683641657816763,0.12059233760551212,0.8479758317370406,0.28286229419299574,-0.020191452205056765,0.4582969616716631,-0.20788711308311122,0.12994349210531805,-0.09511799817605665,0.10816727559760461,-0.18765676025381856,0.5635747474737731,-0.8664643460700118,0.7573718919840322,0.6742536913145688,-0.7560871791235003,0.4187013001782687,0.665808823843669,0.8068784588394362,-0.012393163927950852,0.12149935021667907,0.8872207109444668,-0.015711316204647798,0.848082340858629,-0.7032052003136521,0.8534225019403198,0.36035400274025836,0.05357249628769571,0.8068227870188053,0.21542456294634263,-0.46659370270645406,0.4649039657163285,-0.10213504773365426,0.0958523149920732,0.3610055988100133,0.7896035758482175,-0.04511695032114516,0.7899107746038456,0.03880723442399621,0.4324641831916149,0.14653051471773462,0.2726665345294274,-0.44267977885540594,0.9195971951292359,-0.314528672872465,0.7649492894177516,-0.6594404854481537,0.7856872155837201,0.012442252278094009,0.669442500087148,0.7726712170873783
TRACe_relevance,-0.02827378064221106,-0.09921597700342316,-0.06572683497839343,0.008452220882383905,0.06649956730939735,-0.1639560588626442,-0.05501325802690077,-0.02534102945227081,0.0067802042177459694,-0.01108158882637057,-0.09990511118635957,-0.11741843943589672,-0.12351658590454538,0.011156814656160563,0.30839231798235106,-0.07370460528589168,0.014433178993563776,0.029021279228433828,0.06164544748966875,1.0,0.10189051327433413,0.0350842509046981,0.14852962783858314,0.11830081710792772,0.02097467829060091,0.20914594363133548,0.2016740136564144,0.20686074483720757,-0.020264675102834376,0.08488786979539194,0.022887151505753798,0.1852214616394731,0.12404812045074137,0.026423597073868235,0.053809986128360576,-0.058948201709696994,0.06106197856590436,-0.10395352678951503,0.06916702669666899,-0.09997215918736975,0.06888700163717754,0.03892346413326942,-0.030121411398825862,-0.019038017226995736,-0.0455731930178289,-0.04801320460839027,0.08021944451009949,-0.04233256641334955,0.023766814007967117,0.07359845853390218,0.09670394291552736,0.0029936614604214305,0.0605982345334194,-0.051906382987416656,0.05071876071962527,0.10551989789927715,-0.07334388034989105,-0.05572493478063726,0.007731300928587187,0.06011980129653328,-0.07924593993779595,-0.010471514522240502,0.032145140641823285,0.06186838170356276,0.07567561062765572,0.17682248706993178,0.09172898818999227,0.10866111373507116,0.20085239013049586,0.02329950241799221,0.0257011150824088,0.022256936228279598,0.25274497596904694,-0.1701495156833616,0.037571162478641354,-0.13440904595213046,-0.05537566193846156,0.01889951300935402
TRACe_adherence,0.3521544729697431,-0.033877992902411676,0.16222148708371958,0.2932950502972217,0.47708648989736335,-0.04346616512272842,0.24859690982310745,0.3360071886683919,-0.023057586679523814,-0.2242372392514808,0.005457708307084808,-0.15727258107311862,-0.11159634142525565,-0.039175857394755535,0.16170465649800891,-0.036687512791502,-0.031598645746822765,-0.05838370998839452,0.9292362743262177,0.10189051327433413,1.0,-0.22594029947861252,0.006359834630020447,0.902724860455793,-0.045054310547313285,0.16494476432950728,0.1801789860789723,0.15169517716393968,0.060053390545170046,0.8560914804733152,0.2617609274343701,-0.003302773984905689,0.42296064281527335,-0.19517412787753916,0.12200382073913996,-0.09491991374594283,0.10465754745638368,-0.17869293698202868,0.4773067365620921,-0.8053380017310036,0.6710925885961453,0.6905463138435661,-0.7337287711791465,0.33969628030192034,0.6200862380438675,0.7409919634587127,0.140254143575031,0.07925022889198068,0.8162412502179233,0.09471708747922888,0.8051705761756569,-0.6344481218100889,0.7847276711484432,0.26623275661371376,0.0656758607041839,0.8369959464161012,0.2231046029870795,-0.45457411199191194,0.36837705827589967,-0.01980774624031161,0.08685696742055944,0.2635200188792903,0.7134560573753524,-0.08123082080354051,0.7147397408937356,0.17669942982353062,0.40628977928175997,0.1595638250430697,0.32064134367899183,-0.4069739716913047,0.9012847868124753,-0.2079913844667902,0.7127445274047555,-0.6857618384724049,0.7418201183478694,-0.04252401881017187,0.6096693853928082,0.7279195331466233
TRACe_completeness,-0.006603422085491402,0.14050751426089408,0.1785718643688791,-0.019838472681192515,-0.11230109144102957,0.09751404129790339,0.1576085111093518,0.10188970711044629,-0.013391265076057956,0.17681186215356742,0.08097720232130748,0.10540289103094731,0.1181611314824457,-0.010248689874714594,-0.03605199333372395,-0.06953497278856084,0.0096646433005499,0.03983337321822728,-0.3646669683754413,0.0350842509046981,-0.22594029947861252,1.0,-0.16340389091620622,-0.1890202488736411,-0.23337579741959383,0.48550474760607354,0.48785020842526927,0.4851956516954067,-0.57857597753768,-0.14427190978223295,-0.2485189709373268,0.03279787285681606,-0.4035833078649962,0.1281417355560421,0.08948764417640084,-0.13454091716795982,0.10986969677476195,0.1376634273247159,-0.42253556812722226,0.3976712915013301,-0.40874718898448775,-0.060729244275852884,0.11784644777588223,-0.44357220501868716,-0.16044446279319347,-0.32016459657660695,0.6608453620913318,-0.09356136342557068,-0.34546375901691034,0.42171943715086363,-0.3976167967934845,0.21840622132831622,-0.3546580949458118,-0.38683522991961355,-0.055000831940744635,-0.07939717596495309,-0.02592441547438294,0.10777355884300914,-0.4973709669592491,0.12787468329603605,-0.15141534741545118,-0.6055433832072852,-0.3748475422200763,-0.10318990946327654,-0.3864921212424983,0.5135137531781276,-0.023275111270675827,-0.061233483574336646,0.11261645838004115,0.14697555269921517,-0.20909575076196335,0.8861729909846257,-0.4247014489550264,-0.19835826130967307,-0.22746966071756744,-0.20668567792725343,-0.3742641228696596,-0.21904020421018888
ARES_context_relevance,-0.003342709967588185,0.08448031499731369,-0.058368722734397124,0.014179999268079056,-0.06038360742733844,0.13759233753328806,-0.11810249437255456,-0.015467283149084804,-0.08385439272430652,-0.07986960437662005,-0.0029810251739285226,-0.0818353366195014,0.05461980450832425,-0.03569449186092434,0.14121819232030286,-0.05415970235942355,-0.002903411234606211,-0.04158427207890481,0.021833460086112436,0.14852962783858314,0.006359834630020447,-0.16340389091620622,1.0,-0.019122481981517964,0.20476034152550454,-0.2597876650341553,-0.26201219388078406,-0.274913621456131,0.14429287854482206,-0.049290711173818356,-0.00012407485946234215,0.20471522651634336,0.0824595603747165,-0.13793255197054666,0.04245573221443833,-0.01393061981838032,0.03177375405717665,-0.0031809027051775815,0.11506489305886702,-0.0678702310315883,0.13997560262375427,-0.038017387602485804,-0.031667446437941095,0.21900308491912351,0.005710939857159761,0.10070253178323764,-0.26920878607968257,-0.0011576411859633977,0.12335870934955813,-0.10062650772280725,0.05158651295564999,-0.06229063482719163,0.10079259292968025,0.04680775633792496,-0.04626543523780885,0.04666035684268255,0.08441209453023457,-0.021819892176968256,0.29444419901410696,-0.006935247670258071,0.04012334188033608,0.4049109812385514,0.1465954841960769,0.7623384390021223,0.12749125595877506,-0.2681680750431347,0.0801458615390486,0.08636758689343753,0.05735830324581127,0.00445382456124668,-0.03051589764165199,-0.19628540675376088,0.254472993668784,-0.014555474753256702,0.11841271157831854,0.09411975195389155,0.08275936552910597,0.10098498170742588
